start=452.440000
volume=95.000000
